97
97
95
91
98
91
93
86
88
87
94
91
94
96
93
97
98
88
94
96
95
93
92
97
93
96
91
85
83
92
87
90
91
87
90
95
92
95
97
99
94
98
97
93
86
91
96
96
92
92
97
90
89
88
90
89
88
86
90
92
99
100
99
98
95
97
96
98
98
93
93
96
99
100
100
100
97
100
99
100
98
97
95
96
97
94
96
96
91
88
89
89
92
90
94
94
96
94
97
98
99
98
96
89
90
83
81
83
94
87
97
98
98
93
92
91
76
84
89
91
85
97
97
94
94
90
93
95
95
97
96
97
96
96
97
93
98
94
93
96
95
93
87
84
92
97
95
89
92
95
98
97
98
98
97
96
99
98
99
100
99
91
92
91
93
94
95
94
96
99
99
97
93
92
93
91
92
73
78
89
92
92
94
93
96
99
98
99
97
99
99
93
98
93
93
90
96
96
96
97
98
96
94
97
96
96
98
93
98
96
94
94
96
96
97
99
98
99
96
95
97
96
96
94
92
92
92
91
91
85
92
90
89
93
98
89
87
92
97
98
95
96
90
94
92
87
90
92
97
99
99
96
96
88
92
88
92
87
83
88
96
97
90
97
97
90
95
92
83
85
91
93
98
98
96
98
97
97
97
96
98
98
100
100
98
100
98
98
99
98
95
91
91
89
90
80
87
82
86
88
94
95
96
96
94
89
89
92
93
90
91
92
91
93
89
94
96
90
94
91
93
90
90
95
92
92
90
94
91
95
96
95
96
99
98
98
100
99
100
98
98
100
99
100
100
92
92
90
94
91
95
96
95
96
99
98
98
100
99
100
98
98
100
99
100
100
100
99
98
88
88
90
83
86
86
87
84
84
88
85
90
92
97
91
91
94
87
86
91
84
87
92
85
87
92
93
93
97
99
99
100
96
99
99
98
98
100
100
98
97
97
99
100
100
97
98
99
99
96
91
94
93
94
89
85
85
82
85
85
93
93
88
94
91
91
92
84
79
69
81
81
78
74
86
74
75
78
88
93
91
89
92
90
94
95
95
91
90
89
92
96
96
94
93
94
94
94
93
90
97
98
100
99
98
98
91
96
98
99
98
96
98
93
100
97
98
96
98
96
91
94
91
87
82
84
91
85
82
83
89
88
89
84
85
89
93
80
86
84
83
79
78
85
73
79
76
72
77
80
89
84
84
87
80
90
88
95
93
94
92
93
94
97
92
93
96
94
96
90
84
91
96
97
98
97
98
100
99
98
97
98
96
94
97
88
79
86
86
81
86
91
93
93
91
88
86
85
86
89
89
97
92
94
83
81
81
85
80
73
74
78
85
93
90
88
92
81
86
81
75
79
81
77
88
92
91
87
87
92
93
94
95
86
88
94
96
94
98
97
92
96
99
99
98
99
99
97
100
99
98
98
87
85
85
86
82
82
88
89
89
86
92
84
93
91
91
83
82
80
82
86
88
72
70
68
76
81
85
90
95
89
88
80
95
90
84
88
93
93
90
79
89
90
91
94
96
96
90
96
93
95
94
97
99
98
96
93
98
97
99
98
100
99
97
98
100
100
81
79
78
75
81
86
85
85
92
93
89
92
79
91
88
90
95
85
87
87
83
74
80
68
61
62
75
70
69
69
77
79
88
79
83
91
85
85
95
91
84
82
84
97
89
94
98
99
97
97
97
96
94
94
97
100
93
95
90
96
92
87
90
90
94
96
99
98
100
99
95
94
76
73
65
70
70
64
66
78
81
86
87
82
82
82
85
81
76
79
81
76
67
73
71
66
67
79
81
73
71
79
69
71
79
88
86
82
89
88
96
87
87
93
92
91
96
94
90
90
94
89
77
78
85
88
87
88
89
89
89
91
95
100
95
97
100
99
99
99
98
82
88
85
78
75
75
67
69
68
62
59
72
70
74
82
85
82
72
79
87
82
71
73
68
67
65
48
60
64
55
68
71
79
80
81
81
84
86
79
84
97
93
92
93
89
91
96
89
95
92
95
95
99
91
87
89
88
90
88
88
86
85
88
87
89
93
94
88
85
74
79
99
99
100
88
92
66
68
70
75
73
72
66
48
60
59
68
61
62
63
66
69
82
83
78
74
72
58
51
60
59
64
61
57
56
68
75
78
81
69
69
73
72
79
82
83
80
85
91
92
90
95
98
90
89
92
91
89
93
99
97
92
90
94
91
95
89
96
92
98
95
96
100
98
100
88
88
87
80
84
84
72
64
61
67
60
58
55
59
65
74
75
71
66
67
71
64
66
68
65
64
68
82
76
73
73
71
78
79
80
75
77
81
77
73
78
80
93
94
95
93
91
97
94
92
89
95
99
95
96
92
99
96
95
97
96
92
94
91
89
94
94
97
100
98
99
100
100
99
96
96
96
91
92
90
76
73
69
62
65
65
64
68
79
75
71
68
70
62
54
72
71
58
63
75
78
77
79
86
89
87
76
72
82
80
76
77
72
81
77
76
88
93
94
95
96
91
95
97
95
93
96
93
93
98
89
88
80
72
81
83
90
89
90
88
92
88
94
98
100
100
100
94
94
93
91
90
85
77
63
62
63
58
66
72
78
61
54
53
44
49
47
53
57
52
58
62
66
68
70
77
75
72
72
78
77
76
81
81
83
82
87
92
96
91
94
94
95
94
88
88
91
96
97
96
95
97
89
75
69
70
71
70
75
84
89
97
99
100
99
100
96
98
89
89
93
90
92
84
81
69
77
70
66
70
69
70
70
67
60
57
67
59
52
53
49
45
31
40
54
55
49
59
59
64
63
58
64
67
67
68
71
69
70
73
84
82
79
89
91
88
80
91
92
93
94
92
92
95
91
96
96
89
74
77
72
67
74
71
69
78
88
92
88
99
98
98
100
99
90
93
94
89
89
86
76
84
70
74
77
74
80
70
62
61
72
64
69
69
67
69
61
55
70
69
68
67
57
46
56
63
70
71
74
61
70
71
72
78
89
93
95
92
79
69
83
88
88
98
95
88
89
96
96
98
94
92
81
78
74
72
78
91
90
88
84
75
90
100
100
100
100
90
94
91
87
91
87
89
89
93
82
79
72
74
75
72
70
67
71
61
55
55
51
59
62
55
61
61
71
73
76
77
76
76
80
80
87
92
93
94
89
94
89
92
89
87
85
91
90
87
84
88
92
93
98
93
97
97
95
97
98
96
97
94
97
97
99
100
100
96
99
91
95
95
87
85
95
93
94
93
89
86
82
79
77
83
64
46
53
62
73
67
57
72
63
60
66
59
61
62
69
72
65
82
83
83
83
82
87
96
93
94
87
88
90
95
94
95
98
96
93
91
95
100
97
95
97
94
96
100
95
96
96
96
98
98
98
98
97
95
93
96
95
95
96
99
97
95
94
98
91
96
86
90
82
85
80
83
86
79
84
89
84
85
85
77
74
49
52
46
46
45
49
48
45
50
52
55
54
61
67
69
68
70
79
86
85
83
86
84
80
77
76
65
73
88
93
91
96
94
93
92
92
93
95
97
93
93
92
94
93
96
96
97
97
97
97
98
99
99
98
99
95
92
96
97
95
94
91
82
71
63
67
66
77
80
81
86
84
85
86
79
76
73
63
55
51
38
35
39
52
50
46
48
50
47
49
37
47
53
52
57
59
73
78
72
90
94
93
86
97
94
87
86
87
89
87
86
78
86
87
90
89
94
96
92
96
99
95
97
96
100
98
99
99
99
95
94
94
97
96
97
98
97
94
92
92
96
84
80
80
77
87
69
74
68
64
59
65
63
65
62
67
59
54
52
48
46
50
59
37
43
35
36
38
52
53
60
55
56
62
70
74
81
86
93
94
90
88
81
84
85
91
91
91
82
79
86
84
84
92
93
96
97
93
89
96
99
94
99
99
100
99
95
96
96
95
95
97
96
95
93
90
96
94
96
98
89
91
89
92
85
81
78
76
59
58
57
59
55
58
64
57
35
47
68
61
56
56
51
49
42
54
53
55
64
68
67
65
75
88
86
83
88
80
89
86
78
86
92
92
92
85
89
89
94
95
93
97
97
95
93
93
93
94
98
95
92
89
95
99
100
100
97
100
100
98
99
100
86
78
78
74
80
69
63
61
57
58
55
45
42
38
42
35
39
46
50
55
49
43
42
51
56
53
61
50
58
69
66
73
77
82
80
83
86
82
81
76
73
72
81
78
83
90
93
97
97
99
99
96
96
97
98
99
99
99
99
98
97
89
79
78
78
68
56
50
48
37
37
33
28
23
21
17
20
27
20
28
25
17
31
35
41
39
46
52
61
63
76
72
62
54
62
60
70
74
79
68
81
82
91
82
91
93
92
87
92
95
100
99
98
100
96
95
96
98
98
98
97
88
87
77
75
64
64
58
56
48
35
40
38
37
31
17
8
6
7
12
15
14
20
20
29
40
43
34
42
51
45
54
61
82
78
83
73
75
84
86
87
81
78
84
82
87
91
87
90
96
97
100
100
99
100
96
95
97
97
97
98
87
82
70
58
50
59
53
52
45
44
34
46
33
41
34
27
15
9
12
12
9
13
24
28
33
46
38
58
64
74
72
68
78
70
68
73
77
73
74
74
82
75
71
64
67
75
86
90
92
96
98
94
99
95
99
98
98
100
84
79
78
69
62
44
37
47
53
60
44
28
32
32
25
26
24
19
11
8
18
17
19
10
28
37
38
39
42
54
59
66
70
61
59
65
66
74
74
81
77
82
87
87
94
93
86
89
97
95
92
93
93
95
98
96
98
97
100
98
100
100
100
93
88
79
77
67
68
66
64
60
43
37
37
34
30
24
19
28
24
16
17
28
21
22
24
24
30
30
36
39
47
40
47
45
40
36
53
59
62
64
64
62
73
69
82
81
88
89
89
89
91
87
93
84
77
93
91
86
88
99
97
96
91
93
99
98
98
100
99
100
100
100
100
100
100
96
92
96
92
86
84
86
71
71
64
43
37
33
24
22
13
16
16
16
16
11
15
15
22
29
28
32
37
44
41
46
57
53
57
58
53
53
45
52
43
50
47
56
70
75
87
86
93
91
92
93
90
88
79
79
84
82
86
87
93
96
97
99
97
99
99
96
98
99
97
98
100
91
90
80
82
79
63
65
69
50
57
43
46
37
21
19
15
7
13
11
4
6
2
4
7
10
28
34
40
46
47
54
70
64
50
50
45
32
42
43
48
54
51
58
68
72
83
89
89
91
86
92
89
86
87
78
83
89
80
84
84
85
87
93
98
98
94
91
98
100
100
87
89
90
84
53
53
51
52
41
32
33
35
36
28
22
10
16
16
19
26
13
20
10
5
8
10
14
20
22
27
35
43
47
40
41
48
47
41
55
67
68
67
69
63
78
91
88
89
93
94
99
97
98
97
98
98
96
91
95
95
89
87
94
97
99
96
98
100
99
100
84
77
84
73
54
50
53
46
39
34
23
11
11
10
13
23
22
27
18
13
14
18
10
14
16
13
20
32
46
29
21
25
21
33
40
32
35
40
39
55
52
65
69
85
93
94
89
92
96
95
90
89
94
99
92
98
93
94
97
99
98
99
100
98
95
96
95
97
67
57
51
45
41
44
28
31
47
42
37
34
31
22
21
15
15
8
7
10
13
14
8
14
13
14
19
24
34
23
39
41
35
39
38
51
48
59
66
73
71
76
81
89
89
84
79
86
88
84
93
94
90
97
94
98
99
99
94
96
98
99
100
98
99
99
98
99
100
92
86
85
72
61
55
44
44
39
35
31
43
41
25
12
13
8
7
9
9
10
10
10
15
13
16
8
14
19
19
22
23
24
27
26
40
41
52
47
63
75
78
81
79
80
87
84
89
87
91
91
97
92
92
93
98
89
96
96
93
97
98
99
100
98
100
99
100
100
100
100
79
76
62
63
56
49
50
60
55
57
79
86
88
84
93
94
90
97
94
98
99
99
94
96
98
99
100
98
99
99
98
99
100
92
86
85
72
61
55
44
44
39
35
31
43
41
25
12
13
8
7
9
9
10
10
10
15
13
16
8
14
19
19
22
23
24
27
26
40
41
52
47
63
75
78
81
79
80
87
84
89
87
91
91
97
92
92
93
98
89
96
96
93
97
98
99
100
98
100
99
100
100
100
100
79
76
62
63
56
49
50
60
55
57
35
32
27
27
32
12
7
2
9
5
5
5
1
5
5
12
13
11
11
18
27
35
53
53
56
64
65
54
57
50
46
53
50
54
69
64
68
65
62
75
81
83
91
94
91
95
91
94
94
93
97
91
98
98
98
94
97
96
98
99
99
98
100
100
89
78
62
58
59
56
63
69
77
70
58
56
51
38
48
58
63
51
36
52
57
57
61
80
88
94
88
92
99
97
99
98
97
96
97
98
96
99
100
99
99
98
97
95
86
76
76
75
80
42
42
29
14
13
13
12
10
9
9
12
14
13
17
28
32
28
39
46
51
57
52
60
61
66
71
74
72
71
78
78
77
67
54
57
52
64
69
61
60
68
66
66
79
79
85
77
85
79
83
96
97
95
94
97
100
97
99
96
99
99
100
100
100
92
93
86
92
91
96
95
91
85
75
76
73
71
71
53
54
43
38
22
19
12
7
6
9
11
18
14
19
31
33
30
43
58
70
62
70
72
69
73
80
74
72
69
67
71
67
63
71
69
70
66
67
72
74
67
73
74
82
93
97
91
92
93
89
92
88
96
95
94
98
99
99
94
99
99
100
96
92
93
88
93
96
94
93
96
95
92
73
75
64
55
41
50
43
30
21
22
10
16
13
15
11
19
20
26
32
42
40
54
62
53
68
73
76
83
84
93
85
94
85
78
76
86
74
71
78
66
66
73
64
75
84
88
89
92
98
98
82
79
83
76
80
82
83
90
94
100
96
98
98
99
100
95
97
95
95
98
91
88
90
89
85
86
63
56
49
43
41
40
35
22
18
21
14
16
14
20
28
35
38
50
52
65
73
68
70
75
76
69
75
72
63
69
80
90
88
85
79
75
84
77
81
83
86
87
87
93
95
98
99
98
88
72
74
74
73
70
79
79
79
91
99
99
100
100
100
100
94
91
88
84
85
64
55
41
48
42
42
31
30
18
14
17
23
20
14
19
19
29
32
39
48
44
48
54
67
78
84
79
83
81
83
89
84
81
87
73
75
85
83
89
93
87
82
86
91
97
97
97
98
99
97
85
89
79
75
80
77
77
75
83
89
94
98
97
97
98
100
99
97
93
95
90
89
95
94
91
92
91
83
79
67
44
39
36
31
25
17
23
29
22
25
26
27
32
35
39
40
36
37
44
57
65
72
76
71
61
73
72
78
87
84
90
90
89
88
84
85
86
81
78
84
85
94
94
94
100
99
100
99
98
82
91
91
90
94
93
89
93
97
100
97
94
98
97
96
99
97
94
93
90
92
63
63
59
43
50
41
52
54
53
52
47
50
46
45
43
37
44
59
65
66
64
62
71
79
82
87
91
92
92
88
90
95
95
89
92
87
88
90
89
88
93
96
96
93
92
92
98
97
96
100
99
94
97
98
98
97
100
99
97
98
100
100
97
99
99
95
79
66
70
73
67
65
58
57
52
41
45
44
48
50
64
69
77
64
75
75
76
85
82
76
85
90
91
93
88
90
92
90
89
89
95
96
97
98
97
100
93
92
92
96
99
98
100
100
100
98
100
98
99
99
99
100
99
96
88
80
61
63
50
45
43
34
32
32
38
50
59
58
62
64
66
55
61
68
80
71
75
80
77
72
72
76
77
85
86
92
92
91
95
97
95
93
97
97
95
97
94
97
99
99
99
100
98
97
97
98
98
100
92
94
95
95
98
98
99
91
83
83
82
71
66
60
56
52
38
43
48
45
28
30
42
38
39
45
54
46
47
58
56
57
65
67
66
80
83
77
81
80
71
63
60
72
79
86
87
92
96
92
90
93
94
96
98
99
100
99
100
98
97
98
99
100
100
98
93
92
79
79
56
51
57
51
61
44
47
40
44
44
43
46
49
54
56
65
58
70
66
63
74
73
73
65
74
72
65
68
69
72
75
85
89
88
90
90
94
96
89
95
95
94
97
96
96
99
100
98
97
99
95
95
97
99
99
99
99
99
95
96
97
83
79
79
91
91
91
85
66
55
53
47
41
41
33
56
63
54
65
67
74
74
73
76
76
80
82
90
90
80
79
76
81
81
78
84
85
91
93
96
97
93
93
98
99
98
96
95
94
100
98
99
95
95
92
95
96
93
93
96
96
100
98
100
99
100
100
100
99
99
88
77
74
77
71
73
78
81
67
65
67
70
57
48
52
44
47
40
37
44
58
65
73
82
75
83
77
68
68
63
67
74
76
68
72
77
82
82
81
80
83
88
90
95
91
92
85
90
93
98
99
100
100
99
97
96
95
96
93
93
92
94
94
100
100
100
100
100
99
93
87
85
80
78
69
74
76
65
64
58
42
41
44
50
53
49
46
43
51
50
55
55
55
66
73
82
81
81
75
71
67
68
71
82
82
89
93
96
90
92
95
97
90
87
87
86
89
93
96
99
92
95
94
96
98
97
98
96
98
93
99
100
100
99
100
99
99
99
100
100
97
87
78
80
79
76
75
68
70
56
51
31
31
33
37
30
34
31
44
46
50
54
62
67
59
66
77
80
83
77
76
72
73
75
72
76
78
89
88
89
86
84
90
95
94
91
96
96
100
97
96
98
96
93
95
94
98
93
94
95
95
96
99
97
94
96
96
100
100
100
100
91
86
82
83
79
72
72
69
63
58
60
56
56
55
54
56
56
61
68
58
66
54
58
66
68
79
80
80
78
70
71
76
78
87
80
81
73
86
91
95
90
89
93
97
96
93
91
95
92
94
85
96
97
98
97
96
93
95
82
93
97
98
98
99
98
100
98
99
98
97
72
81
80
82
74
72
70
50
57
67
57
55
57
60
61
67
69
78
82
77
71
80
78
68
62
65
67
69
66
70
80
69
73
82
83
75
84
78
75
84
90
89
95
91
94
93
99
97
94
95
97
94
94
94
97
96
95
98
100
97
98
97
100
99
100
99
100
94
85
86
77
80
78
78
77
69
67
66
76
64
62
60
55
64
70
65
52
56
60
66
73
72
73
67
67
68
66
69
68
65
63
65
74
72
74
71
69
72
73
87
78
89
89
95
92
97
100
98
99
97
96
97
91
98
97
98
97
95
97
97
96
96
96
98
100
97
81
87
79
73
68
79
80
75
74
64
56
35
41
38
40
45
60
66
74
80
80
77
77
73
82
76
64
60
56
61
64
68
68
69
70
73
90
90
86
94
93
96
94
93
97
93
98
100
96
97
94
95
98
95
97
96
96
98
98
94
95
98
97
100
96
92
83
81
83
75
81
80
81
74
61
69
76
82
71
80
73
71
78
82
89
82
75
77
81
81
82
82
85
81
76
61
64
63
70
67
65
64
74
77
79
86
92
92
93
95
96
98
93
98
97
96
95
94
98
97
94
95
91
89
89
84
92
85
85
89
90
100
97
97
94
92
93
85
82
84
79
91
77
83
83
82
84
88
96
78
78
80
85
81
61
71
79
82
79
69
73
62
64
63
54
53
42
41
44
34
48
65
76
83
82
84
91
92
93
98
97
97
95
98
99
96
99
94
97
96
94
87
77
62
73
80
80
86
85
91
95
97
96
92
96
96
81
67
70
64
66
64
79
81
80
81
89
94
90
87
86
81
76
82
89
88
84
90
81
85
85
79
75
77
61
63
59
68
71
66
71
79
87
76
92
86
92
93
99
96
91
91
94
97
96
95
93
87
87
88
74
73
70
72
76
77
76
70
71
81
100
97
80
79
64
75
73
74
70
66
71
74
82
86
78
84
86
87
83
80
84
80
88
78
74
78
76
73
89
85
93
97
94
98
85
81
78
75
63
70
83
91
93
91
81
84
90
91
93
91
95
93
91
82
72
66
69
59
62
66
71
69
74
100
98
98
96
91
95
93
86
91
81
85
83
79
82
71
77
82
78
78
90
90
84
78
82
86
84
90
90
90
93
86
86
83
86
88
90
89
85
96
95
92
88
87
92
90
87
88
84
91
84
91
95
94
96
95
94
94
94
93
89
84
80
75
75
76
80
79
78
85
100
98
93
91
89
88
86
81
80
86
78
75
72
73
71
76
79
78
82
81
82
88
93
96
85
81
88
88
85
86
89
89
86
85
85
85
87
79
76
77
88
87
86
88
89
93
91
87
92
92
93
89
96
97
97
96
97
95
97
99
100
97
95
97
98
93
91
83
86
90
85
87
68
63
71
