5 0226 1
5 0226 2
5 0226 3
5 0226 4
5 0226 5
8 0226 3
8 0226 4
8 0226 5
8 0226 6
8 0226 7
5 0227 0
5 0227 1
5 0227 2
5 0227 3
5 0227 4
5 0227 5
5 0227 6
5 0227 7
5 0227 8
8 0227 0
8 0227 1
8 0227 2
8 0227 3
8 0227 4
8 0227 5
8 0227 6
8 0227 7
8 0227 8
5 0228 0
5 0302 3
5 0302 4
5 0323 0
5 0323 1
8 0323 0
8 0323 1
8 0323 2
5 0324 1
5 0324 2
5 0324 3
5 0324 4
5 0324 5
8 0324 2
8 0324 3
8 0324 4
8 0324 5
8 0324 6
8 0324 7
8 0324 8
8 0324 10
8 0326 4
8 0327 2
8 0327 3
8 0327 4
8 0327 5
8 0327 6
8 0401 2
8 0401 3
8 0401 5
5 0402 1
5 0402 2
5 0402 3
5 0402 4
5 0402 6
5 0402 7
5 0402 8
8 0402 0
8 0402 1
8 0402 2
8 0402 3
8 0402 4
8 0402 5
8 0402 6
8 0402 7
8 0402 8
8 0402 9
5 0404 1
5 0404 3
5 0404 4
5 0404 7
5 0404 8
5 0404 9
5 0404 10
5 0404 11
5 0404 12
5 0404 13
8 0404 2
8 0404 3
8 0404 4
8 0404 7
8 0404 8
8 0404 9
8 0404 10
8 0404 11
8 0404 12
8 0404 13
5 0405 0
5 0405 1
5 0405 2
5 0405 3
5 0405 4
5 0405 5
5 0405 6
8 0405 0
8 0405 1
8 0405 2
8 0405 3
8 0405 4
8 0405 5
8 0405 6
5 0407 1
8 0409 1
8 0409 2
5 0413 8
8 0413 7
8 0413 8
