40.09068 116.173553
40.00395 116.205311
39.987314 116.287451
39.954047 116.348991
39.91441 116.184239
39.815129 116.17115
39.876184 116.39401
39.855959 116.36781
39.86347 116.279082
39.742768 116.136045
39.58 116
39.982053 116.3974
39.937119 116.460743
39.939554 116.483746
39.95258 116.46452
39.878193 116.351974
39.929303 116.35103
39.929287 116.416883
39.886492 116.407356
39.899136 116.395383
39.718147 116.406155
39.794491 116.506319
39.52 116.3
39.885241 116.664162
39.712 116.783
40.127 116.655
40.217 116.23
40.292 116.22
39.937 116.106
40.143 117.1
40.1 117.12
40.328 116.628
40.37 116.832
40.499 116.911
40.453 115.972
40.365 115.988